1498631
1497366
1496047
1495905
1495904
1495902
1495901
1495900
1495869
1495846
1495845
1495844
1495843
1494528
1494524
1494523
1494522
1494521
1494520
1492694
1491411
1486323
1486322
1486243
1486152
1486121
1486090
1481645
1481632
1481631
1481630
1481629
1481628
1481627
1481626
1481625
1481624
1481623
1481610
1478224
1478050
1478009
1477370
1476810
1476348
1476347
1475982
1475838
1475797
1475689
1475687
1475686
1475669
1475658
1475657
1475656
1475629
1475360
1475354
1475339
1475320
1475317
1475316
1475282
1475272
1475260
1475230
1475007
1475006
1474720
1474655
1474654
1474653
1474652
1474651
1474611
1474610
1474609
1474465
1474464
1474462
1474461
1474460
1474459
1474458
1474457
1474456
1474455
1474117
1472766
1472759
1472758
1472737
1472736
1472735
1472731
1472711
1472710
1472709
1472650
1472551
1472412
1472290
1472052
1472012
1472011
1472010
1471999
1471992
1471987
1471984
1471978
1471977
1471946
1471855
1471751
1471705
1471704
1471700
1471699
1471698
1471697
1471696
1471695
1471691
1471568
1470976
1470975
1470974
1469481
1469481
1469141
1469123
1468972
1468971
1468959
1468505
1468159
1468158
1468157
1468156
1468155
1468154
1468153
1468152
